YEAR   JAN   FEB   MAR   APR   MAY   JUN   JUL   AUG   SEP   OCT   NOV   DEC    
1974-999.9-999.9-999.9-999.9-999.9  17.3   0.1  16.3  14.6  16.9  15.7   1.9
1975  -2.8  17.1  17.5  11.4  21.4  15.9  18.6  22.2  20.1  21.3  19.7  29.9
1976  16.7  19.0   4.9  10.3   6.1  -5.6  -8.5  -9.7  -5.3  -8.5   3.5 -12.6
1977 -10.4   9.5 -17.6  -0.7   6.2   6.4  -3.3  -0.6  -0.2  -3.5 -11.3 -29.1
1978 -14.5 -14.2-999.9-999.9-999.9-999.9-999.9-999.9-999.9-999.9-999.9-999.9
1979 -11.4  -9.5  -4.3   5.2   0.6   5.2   7.9   3.5  -1.4 -11.2  -7.4  -8.1
1980   9.0   6.9 -17.0   0.3  -2.6 -10.5  -4.6 -13.7   0.6  -4.8  -5.7   5.1
1981   6.0 -10.8 -14.8 -14.0   8.2   5.7   1.7  14.2  -0.3   2.8   4.1  -2.4
1982  14.7   2.0  -8.6  -0.2   7.0  -3.6 -18.9 -25.7 -21.3 -28.0 -31.6 -14.2
1983 -23.5 -10.2   1.0   5.4 -13.0 -14.8 -16.2  -1.6  -1.8   5.3   3.2  16.8
1984  27.1  29.9  18.7  17.3  10.7   7.0   0.9   3.1   3.9   2.9  -3.2   2.0
1985   2.5  19.4 -11.0  12.5  17.6   7.7   5.3   6.8  -0.3   3.0  -2.2   0.8
1986   2.9  14.8  17.8   6.6   5.6  -3.4  -3.1   2.9 -16.2 -11.7 -23.0 -37.5
1987 -36.0 -35.9 -20.5 -19.7 -29.4 -19.2 -33.6 -24.8 -10.1 -18.3 -10.4 -19.5
1988 -13.8 -11.3   7.0   3.6   8.7  13.6  13.7  17.3  16.5  13.2  18.0  24.4
1989  26.3  26.3  20.4   9.9   6.4  10.1   5.9   7.1   8.3   3.9 -10.0  -2.6
1990 -15.0 -15.1 -22.3 -11.5  -0.4   1.8  -3.1 -10.7 -10.6  -1.7  -7.1  -7.4
1991  -6.9  -9.2  -6.2  -0.4  -0.8  -3.2  -7.2 -16.1 -11.4  -9.1 -39.0 -28.5
1992 -34.2 -20.1 -31.6 -25.5 -28.1 -15.7  -7.0  -3.8  -0.8  -7.8 -17.0 -23.8
1993 -11.3 -25.2 -15.3 -31.9 -23.0 -21.3 -20.2 -10.0 -13.8 -23.7  -1.9 -10.3
1994  -1.3   9.8   4.3  -5.3  -2.2   1.7  -4.6  -9.4 -16.4  -8.7 -22.1 -44.0
1995 -26.3  -9.7  -0.3   3.0   3.3   6.9   6.0  11.3   5.6  14.0  12.9  15.7
1996  26.9  25.5  16.5   6.2   6.5   8.1   7.3   8.3  10.0   7.5   8.3  10.2
1997   7.1   7.6 -15.4 -18.3 -26.4 -14.0 -23.3 -25.8 -21.1 -39.8  -9.0 -22.7
1998 -10.8  -4.7   2.2  16.0  -5.3  -0.8   7.2  10.1  14.3  12.3  16.2  20.2
1999  27.7  19.6  22.8  16.0  11.1   8.4   3.5  10.9  15.5  13.9  11.2  28.2
2000  27.2  33.9  27.3  17.9   5.8  12.2  11.8  -1.8   8.5   5.5  10.4  15.1
2001  23.9   9.8  12.5   0.3  -2.9   0.3  -0.2  -6.0   4.4  -1.7  -6.6 -28.4
2002  -3.1 -18.9 -14.9   4.0   2.3 -11.7   3.2 -24.7 -29.8 -22.6 -27.8 -24.2
2003 -35.7 -16.4 -12.3   5.0   1.4  12.4  -3.9   7.3  -0.8  -0.1   7.4  -1.1
2004 -13.5   6.8  -7.8 -13.2   3.9 -16.8   2.2  -6.0  -5.1  -4.7 -11.7  -1.4
2005  -2.3 -34.6   0.1  -7.9  -3.3   1.8  -9.4   5.4  -2.0  -0.0   6.7  13.1
2006  13.1   5.9  16.5   4.6  10.6  -6.3   0.5  -7.7  -7.4 -16.3 -11.0 -11.7
2007 -22.5  -0.8   6.1  -1.2   1.0   6.1  10.3   5.5   7.6  15.1   3.6  23.1
2008   9.3  33.0  29.1  19.2  14.5   4.7   7.7   5.3   1.8  11.1   8.4  25.1
2009  19.7  20.9  14.7  10.8   9.6-999.9-999.9-999.9-999.9-999.9-999.9 -39.8
2010 -32.7 -35.5 -22.6  -4.7  10.0  15.6  12.1  15.0  20.3  20.8  23.0  34.2
2011  31.4  36.0  27.1  16.6   4.1  -1.6   0.1   3.0   2.4  14.8  12.1  22.9
2012  26.4  29.0  13.3   2.0  -0.7   2.1 -13.0   1.3  -8.0  -5.5  -2.9   7.7
2013  -4.9   1.7  -3.6   9.8   9.6   5.5   9.1  13.0   4.2   1.5   8.2  11.3
2014   3.8   3.3 -17.3 -15.0  -2.0 -11.5  -2.6   4.9   0.6  -3.0   2.5   0.7
2015   1.8  -2.1 -29.0 -16.2 -14.4 -22.5  -6.3 -23.0 -25.8 -23.6 -24.1 -41.4
2016 -31.9 -37.5 -24.7 -14.4  -2.5   1.1   6.6  11.5  11.5  14.1  18.8  18.2
2017  14.7  21.7  17.1   5.8   2.1   9.3  -8.6   3.5  10.0   8.9  14.1  11.4
2018  26.8   0.2   8.4  18.9  15.1  16.1   3.2   5.1   3.6   4.6  -8.0  -4.7
2019 -10.8 -28.5 -18.8 -13.0 -10.5  -5.1   2.1   0.1   8.1   6.4  -1.9  -3.0
2020 -11.3 -20.2   1.8  10.9  11.3  17.6  12.6  13.1  12.6  16.4  19.3  27.6
2021  34.8  17.4  22.7   0.8   2.4  12.7   4.9  15.6  11.4  18.5  21.3  16.6
2022  17.7  24.9  27.8  24.6  23.2  16.1  12.4  19.0  18.4  18.9  20.3  26.2
2023  28.5  22.0  21.7   9.9  -2.7  -4.1 -11.2  -4.9 -12.6-999.9-999.9-999.9